534
228471358
2894
2817491
379
576710235
17393092
756630393
17553
2064
3136829774
2028882812
78541289
2284216
3753
3106190496
4151041871
2782530898
526681200
2657198483
3294579237
906402393
4121384005
37210
3240611376
2499415164
2335733817
27970
1204
265301
48453
3398165
309065
10591
1898153655
20292
34159
2822271345
3337745083
2690539405
396
170727310
3386374
48
343064
459005
3189457552
121188201
3447475816
288412968
775
20228934
302139
39645366
1121339748
2163923111
1733418522
1257655137
3871099516
3737048253
616374597
890
3772
22442051
61394
55467685
4178745440
3908918996
337
4194366826
3562082033
3789974
2074443444
796999339
464095633
1520141406
20927379
3751927
3232361
1271688
621
244689
18805935
3835273908
658405
2796474
1068425461
458993620
389212
2982146873
8297
3739652958
920763749
27083
3526962990
3555030288
330223
3818547277
2565707957
1929936634
4141156
1812689920
9844
921
1891589463
1045831773
199163361
571993904
2392
2363202442
205323193
1901
1907674422
2297887526
2423543
301
696215122
14822
24
2132284
319552149
7026
1135
3416753546
2769
1674219510
4003054055
410611
10860
320167
4004490243
358
3597712
3334525955
3148677931
154
[
14720242
1173528643
21145
717846610
1370310341
3384631
2151829813
2014255590
321077
1871
271903915
847173828
9132173
3430011558
2664622
73460
325633875
2690
9512392
1292826808
68650007
352
2803848648
2603759688
407476071
2027
2652904
1904
363651
3229
11608
1475550410
65439
394
9356667
478
40398
4722596
2998958641
5734
2884260692
3973897
5546119
17595
7821
2572
238141023
4068239769
11321337
31772904
2167817320
26734
4236297902
269308924
267
2577837950
1239451710
2849741637
16070
24343
2022934985
4251
4276481664
2851
3278113
4003049590
3525529949
847433129
4193723
31450238
1694
2726454764
2413259639
1436342393
3796841743
2186243
2376956358
1212791823
454
1681
40576
729796064
413654173
598
2634102466
3455439
3703
152237
737243568
11001690
99474637
1761
4203454020
1805166
2086410360
1050577705
3354769
951239203
293263004
11205
1326639237
7711
3840912
971401270
1569056226
116726
25979242
22150594
2065620398
125771
576060395
742403353
871878897
1312310558
2726528855
1200802237
2076190208
3670614
2900139540
458
11880769
20574
4100874348
2822340138
2924120306
3633369
129282680
40890912
2251845666
4003007721
2741109499
718107017
3609219177
204
327533
31451617
2583740073
15578920
2082939404
3698365069
399911659
2507717872
2625296191
2619774757
2709858
163460684
41586704
322223064
10731
7178466
159
3818546315
3571
24815271
4064875520
2189434644
3275683399
2132284755
1739267982
495171958
889
4250585145
41822
3226430046
2680632905
932711668
370687140
3007552462
22844
256200822
1308598964
2041434490
4162122476
4142017
1981876123
2651348738
932651636
1030083100
3129092788
542690499
2761319679
2043162897
1694866532
3606896493
261066
3925172229
2664622273
809080546
872501989
2527
3995900
4999
764431390
3236764739
1635242581
20805
3476439258
41217553
86493
10650
1854136241
922
4249144910
45689
38291753
4100284711
2506328221
12542254
1471786266
36153812
618671
264621
1026654305
2950679810
34195
787341104
554611970
1533843768
977565923
9253
1206525190
3590215779
21735
78090
1506993418
3825774
9946374
3582174
1710205153
1979311206
40315826
1289643292
27876795
1013252316
2997329641
3876290407
245974177
9944
1366
2433164
390864716
3199789377
2492548688
3817173321
3804771123
2424973678
1135282
828793
84546060
2319429949
17504
2975316496
4240369074
120223
255967
1554077
20551
1260625356
744
1920385
945676
4529
36129
2389112306
3755
481472838
1378945260
50063032
1741427994
2457591750
3266085974
55
1688867222
1049853
2028864440
26252
10648837
34408981
754246764
2726455897
957912009
3594356142
4029093210
724182267
32162
2992008339
3665541688
3661262542
280341
2945363
7062231
1244274108
38950044
395
115
3656301681
3089079195
1646240771
88070
541065463
3476951950
2576237170
20850054
4095833
3056996105
15171
1425738646
92477
4265265111
1485406907
3799389304
1236795370
613830234
39547
3205321
1275679867
33515
1017642631
262344
201
428072
2784506312
7843
36574
348088
17544
3873203236
672
3529721486
2591432844
934
706
251369
44653
2269489080
2661865929
1423529415
1851874059
3509405626
1742230786
4036277955
2664995851
1732500434
4018138687
74519
195
2026801565
65980
1008
4202079
495
3462308225
3008098
3472817473
304
679670255
4142
4003
1533
2617658656
2932363931
42239761
35638125
248476
2304
33953743
381539
116693
39951101
348418
36274
14284
747033534
22467037
3131243524
1857396528
2787559462
176403689
388
2202
2850656190
266
3052233251
2259556609
3816673346
2622243693
1963848833
1582607016
26085836
840814035
1777784488
2547654662
373
2687950
999602538
4073938295
435232729
2811394
914261359
24183
40180483
1470136292
1868602760
3034212252
3920591980
204173
3466667646
4018048386
31955
592593828
1275679
509927571
31513789
303006982
2245384272
41795411
1135282901
3285317445
1236995907
1100169089
2053799731
3056512
2222621677
60
270
1277219857
3981550
2258847507
3315287275
1506192421
601004707
3402
4237247172
3574
621897345
2296764637
24555523
847248703
19014022
78734
1428497504
3889081300
23290
4124481675
2699298
161127
26574
4022716898
189305756
2807496773
3137250
11904
2516309301
4122325276
1639853809
4053293829
127
116
443932914
203130
1226
3516
2195580821
2968968094
1506563592
2795747
37911
1788221847
20258783
3340743774
202058684
954897529
1494
5841134
13950724
1188371204
506134080
3980805843
2327279
2530460770
888617259
143756
36234
2246699815
3192317608
178
2510215966
3845575159
1883241975
32625959
448335739
35939717
2211531
954
3991028462
23262
1101907775
2245277
3101871423
1151969972
1755363164
3419487909
3982328698
173
1599425
954611291
298
419234037
1289
4206179036
19658022
38240504
253396
2752034647
9841
245522
3089236829
3571798645
235114
1740754147
499664127
4068674515
1370731475
3183395256
158300
1491231198
1497079384
891217926
4035708147
2719988097
3462
294536306
4115064
1913679217
656023557
29056601
1445852
4041376352
151653689
2752
600
1145656637
1667497117
1325028545
368370
309
272576844
419714
24107
38762904
24957061
1240052594
3275330493
1489997388
107281
1317712096
2438709758
596067439
26180
131
3878088
1112
88330248
427
1121298566
1680418225
2603
13162
92
2246699
1467778651
3584325513
3175273515
2144583319
3149434100
15866630
3337058449
400119
3304
4048813351
2119007969
2013329825
409
3872261646
1550462580
432
351899
1026924
2090766889
3596485316
2563624252
413
3087909968
1428527756
2758632892
223675
26738713
383603404
2099818881
2147
190
1023190685
3945128999
1310058539
40594372
2096953503
36814
911
3984860707
3753885246
4
268019412
829754261
104
2817491392
4278515623
921693133
3052233
4151
2678
313
1680678703
915051742
791519834
3260757873
1054767590
3613916939
828793177
1274864
7584944
1021342803
2244169598
153384
392303768
3691296484
1841921
994
229741319
1614704303
2795564675
35318517
3895633315
3979619388
3632480728
3349244012
187
2473970882
1236327740
114565
454036003
767234443
1035328446
994637429
2556855854
153459
1921409832
1050
10561807
814650144
1640084060
3011598321
551005392
1385977461
1634017026
3599391724
839446457
571945592
3910758230
2115364236
3056423
3844
4042284749
7455244
16378364
1164080
3847744696
2872053468
2228063684
565
778
1510328189
368713488
3790767943
3895004416
2211527187
3902851
206638
30786
399680665
4064540
840500938
405725751
3545353
967226141
86544075
951
3981688
2864867251
28278411
40827814
623
330223697
2492
3015372104
1184188470
587896474
22595
1411
28981
579626418
13544
1668615549
4142616092
U
2530048747
478230309
2310852016
297
1005990524
25914
3540401924
4280161
387611
2720617233
3983133341
340695070
3318008420
22352511
1186654798
3217143635
839604161
3892562910
219577
2664
3345688441
592940948
11810
2556496
1635
87
4222527022
2452201263
54053
2058913
1708983
1660362024
3851915697
329
39205919
1842898132
359435614
3624173461
20919
9214
369506470
2828
5521
23609
8164
2144833410
2495666090
3935867650
1689867817
2245582653
510302
229161
887780871
1411366366
848128881
35694
2434373675
1549016229
4033380444
2910196842
25878074
31895
86436
4075227
847694
3867272649
2252199
1992
2573768687
3297830269
2985581161
221
5593456
2092347727
2114539071
3122323092
20831
4030337913
1273
290
1477870
1798364
4229088015
1035121312
1256653339
33515529
3719165753
44033
40290
3092985258
329496
613946594
186054
191951
11634
4157438804
920938055
351
16333031
23031
234961
406795
2603173879
32613627
2235923055
22548
240260
2095024833
3835
3369
13231
20253
36612
23464262
320370
1985817
2845757813
3278113379
736101479
4050304
131167
4269929640
3744910
3820
4214068905
3873101583
3497585614
1533767736
697845138
354
428231
495444464
3894
4100
148058140
3416753
31959
23287
2403608906
892700916
114130744
3721891
3006002240
2909452
11883
3372400797
1619
1080831687
16028329
1522376082
1693331843
1999904870
1142
25739
477412
4112019656
734236491
103532851
945
13
3597712708
12314
2088819962
766934374
10828
1082128421
2678211708
1921883440
245983
3823986529
928676150
2227981829
3137250928
2131251073
108177504
392737424
2200148275
2652904887
33141
1851
2578124752
3539386527
29036076
176460
103590544
2309124039
8885497
3500968226
4282315164
4273842364
2010446245
3481650176
3748732759
7358
3688389234
3310616508
2459741777
34744
2655406212
871877728
616028266
3315826729
20414344
25029696
3446872083
35212
630099908
4283491383
1244
3598851503
1602494495
242850724
3056423338
458195553
6612
3073853501
34819
2697
2883
2204185978
39247093
1421345
3590
312066
703669582
38012755
773
33201
300
2646783783
15066
3474222844
233
23709
864942795
2407054516
98031
124119
83
22
815
193
1639236011
597
380
1446445
2025878318
1356798627
3959185973
2785279846
3149434
334721
33029236
2501
1510327365
2702889473
725322217
754
1708236
185358682
2364843
19
1965692378
38710
3136580417
1674
72418
3218681
759765793
1566670564
4022712435
813007450
1301245444
30255
37955256
79
1827
4289627067
3796970912
2709858538
149257548
34816
37966
605290193
390995083
4068219014
925015773
3406741488
116434
2608583677
161656386
6177981
3846829958
35967
84927
11576479
994494548
4279
1239621483
228872766
25638
12597107
692277943
2665024424
2021812431
316283
215675288
1614708252
1292668340
3967393
3218693969
3324425771
169
41256217
3308
504
922668176
3844190
1250165012
8281
0
984189120
222825
3194
382614
369526
589932534
5487
37613897
847680
287114
431202968
4140259565
2900
266662
2858981771
2903607685
3510196525
1187
802498
58
4086206150
1115237153
3964100282
751
648053
3600
1348563946
21997184
20829
328758
1023021569
698
4026633762
956205804
2228262129
2156439784
1741
928760741
12518057
12293255
2379075973
20998188
40844
[UNK]
15518828
12874
1845306
4234798329
12824631
2246961199
254
265044
1191367220
3712790815
2328129879
1097741163
3384982069
22804
1709143017
2806268173
2235914803
3012778962
3337420400
2185212638
2551487265
3555
202431
205438100
2476320550
3178688672
3545074
512980143
2861566913
2720313463
1964539268
662
4125621781
1134944467
14115
3087909
2421569635
12471
1301982927
2042632
2191
979
27955
1558858
741451336
294
92076374
2270119
35508100
729181080
3858440414
411759
1808477881
1491831064
15179
22993141
3878919339
343
1323888424
3804
50034828
91
42522290
1665524040
241199508
22404
3324153899
136246
170898322
267363903
2431
99429666
1017
3241540441
1723600484
264863
3905053885
689280880
4265016989
148321
25747
469
3032915404
3798592350
81646944
3308404410
800345
1295823166
4275589666
3159834
2089567730
2660388269
22398038
1308766761
947157322
1622993347
3545353036
1510720
3185
2847607429
3593
657866672
1067345068
1688
1627382841
686
3613186
1145276289
33230
2032171031
319244551
320
1086083300
154263
201331
190140222
1070821685
255523
202
264
584
3951957695
1842281133
9237
1302129371
2302111
23454242
38011023
3394537447
22373237
20743
2017622114
2010
2596100
3605288
2110118862
4274827
1082885088
3075056557
983543410
82819147
305
15837990
10495
1962
40668405
2237323775
15341
3593041223
3786253491
1362465256
1798001
4019321572
22518880
2033915459
3845894254
1770172
4110211
209281
21312510
1270855769
2070976
3477572639
30707086
3624
1586850127
25303778
416356657
238194
211011
28476074
3089079
3922
26867
4082781420
1741002006
34764
3994880452
395475086
1676823234
267382112
4175457515
139617
950
4102492447
3450671348
3800
26197747
423479
2576103249
1758605444
1331092294
75
3360034840
3579962709
243569
25032623
1016845826
2984045
3463378007
3854
1570037635
922887755
717723
4042373
23415855
3581739114
297960
198
2510
352552
4232044298
162
3531870027
23091
871
181
4076751559
390092133
2284773
397
214
3524473022
1764607474
16515980
1850082398
4223976160
18647
2753
4200113039
16024944
1274864999
390
337403570
1655598239
403863763
3460934
3538353011
25083
1935147452
666
27234959
2026774778
244243
22974
166036
2410099666
19409868
3424689
2022893436
2302111440
292
24667
2055179791
612068687
39162243
3012204
7233
2469459472
2433164502
2501423248
797279701
22226
994895109
1962383056
4249
3201678329
1759589175
591530518
21713
10838522
3124581743
567005370
3387140397
156984
2921300
3058601476
3918336191
376
2424
12804
64070
4074758235
847957139
659803499
3579857624
1135286194
19214
3371273
1802469543
2265183057
3563770003
257
263110429
935
572
130
4274980665
1942649
176
4142017546
33374
275463426
26589
274
2925436761
3966046416
2299314176
2822
2186051185
783
407393
1704599822
34608704
1739309282
2406620359
1963389888
14345
313460
1782525992
2811394787
3928989804
163
32243
4292539202
1059124080
443142315
1721149895
1135916862
332430
1100037548
1542631284
1203399522
3025629386
261806806
1160577353
2848822290
1235414587
16270700
2070
3981
3497686239
3419161751
40030495
3409618301
28519702
2662015685
2029010510
354000409
2407144116
21226691
329526479
601
190406487
9953196
197913
440332323
299970834
374
428791
241325
3006002
198681
4017892
3844001
1204922169
1169352347
4159583953
2248888505
2854
1316753536
803204882
2896488571
2293
1505769
35269629
1694604723
1906260833
2814583100
1700074
9443
391767
2947775694
358413
432709829
136366266
2099
22852
195319295
3068235230
1892624
2360741
883512992
21573
3556189655
2876572547
15351666
109774
357
1374428816
3089236
3937266705
2150620573
398724
30256293
3264480824
2304442836
20974
1200154414
3251933525
3428
18373
2671109416
1135916
2238101436
1738883
892756502
4055318871
898969404
1731325621
3808093
4202079142
7736071
24070
2446814304
3854530162
2624331526
369500293
1791
4409
2446895259
1636327326
163973684
756716996
2533967154
2861
4175457
1724763895
7
3770013
1957343028
909362583
2657444263
118299950
2864
307116330
150221
2979609357
849271271
41346
32193
8481288
288896494
1531048361
1373879816
264479734
1630260
51
3402570011
2730317468
1228528465
745
376472955
3524396728
3980
753
3753451
28557202
3130
263
3175327463
2691
399519
953
19083627
55522
25784495
746249786
3518915985
516041383
628810978
253
1921812927
298072275
3671859966
815212850
360689
661260331
1251552004
3031220802
19076744
9800229
173262
101512
2251
1805574542
3068235
4092825170
82886753
31396
109
2343686718
26905
829778775
162025
34194
781912
3094601
882
2898127875
411415
1534595042
1812947
4691
4105069056
2555961945
228293
186664
1033828962
1627070083
672924830
787190563
664138096
UN
25584541
429
3749233121
4077136022
4176247988
675765711
2892
40351
448563817
2603892347
353
185343
4002801397
3105501396
369500
2466763662
260375
25422642
706349668
1853586
3475937304
2406530630
2127653
6560235
33092
265644
2977344
1531406
2243700697
1247505567
2222715027
267775
136884
2336694257
9851
3218466385
173055
3756615259
345521
1167268241
40109541
1253170030
3162837314
3238423
12033995
3362022638
142069845
2451303708
2626737
744340421
1081516635
628376
1812947948
40303
205522
1986812015
3844001038
333514721
19346
1914416804
679670
1899422126
3357644397
31193834
2995715
422908
2872797047
1260
862359262
2232363332
3524396
1908362796
980291093
3872
323
6674
3206
24334224
134
235613694
3360
1130820
3905342820
422976
30
400627
17804
268063
68779102
84300
723
954611
1361209332
32607
2103201532
36292
145551227
2356136943
545885461
2680
3867
4064540216
2640041684
4106117289
1693589848
3232457362
191043021
538014
4306
28659775
1782135
25400034
1798186855
831463
219520
720
24761
781711517
2406779329
27613196
1532851
2430356
1721149
1351825
1411944619
297603
225884
3025617
4234
26180490
4002801
228910103
3194007239
739
11902284
95769
484472880
2197104911
2362627321
3395374354
2542264270
3924853333
4082785307
2053799
2739538070
3016580229
3925172
2438720939
23357287
3177362943
1202233443
1552070649
2455017113
78474
1164347295
2646219661
424
22514
3351552914
387226164
2537506248
2565499684
654397756
3032
1868
3772302167
13531441
3217380708
3545074552
35964853
135679
4278941385
2145332064
3105
1360
4016716599
772
2438453685
2810421479
41684
356
585922410
1941125969
833989
23281
27729
9209
360950
1472024267
2722711951
155046
16852
1236033658
1871507312
3310
3955186434
1346868190
3824347764
1070553700
25317744
211
3629281128
4200620501
618008133
35637700
3264156882
1076
1558858909
8032
3216224414
318524446
46284349
1850
15785874
10821
2756134
2010995999
631553871
33855
2669064385
2861152184
39941
5032
245220
39762
921420909
369638911
402064
280963
645320126
20205
3796683318
203257140
25806664
3875004417
667497574
1609040637
680
266980374
3387315712
624765600
24569708
3075056
27120005
3517354
3340905119
4122325
1861
457324
21194394
2306985260
346230822
1658035161
1557892009
17764
3797992517
2194696
1912859525
839602758
263410
2857
469438472
4203721599
3128759172
3534
4034
3824050433
2513428378
9226681
174611
2301358638
3892830899
2205501948
3166118889
2997547162
4292256859
38552922
61
22623
61383
23870
1565699346
2828347762
48520
321337029
4073738336
334
245759
338194
914990793
3372400
25979
1323106289
3445933937
3373129377
5878964
1972201375
317
1796274
2262
4074892732
623728226
1241
74537039
784740959
1193433795
3331
7871
1934885766
3203709451
424055295
2433422477
903811517
4220272102
4197948719
571
8522
2796474771
745198437
8927009
2353112200
913
1607040441
387611068
1475544
37463297
2724631
3840182
3206513801
3130732095
3430137169
3484345631
2909042096
559345677
2350953170
691
3969041781
905632147
781917169
480
39183
814
316
1639736845
723313672
108083
10458317
2900139
244
319173
1842145205
649201019
2421641
915051
10705
4132603430
2032571407
18477158
737505311
17859821
7291
278
2865977551
1204646904
236352694
3457672473
128626
4239174581
56
484468641
3005760545
107821100
328
2496602890
944363169
14289
2484485061
4121755354
27080113
185607
2810359172
54004
152
500
2057435328
4483
739928912
17334
1847715852
3334979
15700
3873
25
2115476908
4093258568
3005760
3205321018
2076768607
1332966136
3526465279
24258652
736
926
1570014863
2504847923
34922
428712
847341288
2697642734
3109000344
2988843215
9551
128365443
10266
3827799267
2765300
281140
3456221154
1306816608
2921300285
331791114
2040471681
4117591705
114130
2239921342
1089502326
2680376369
8974
319521689
11912
13266
2584514
28
6028
33271
1738265797
486705461
4005047778
2200
1253170
287279704
771162593
31684
914146663
24384
10127
923
3124594408
2639787768
913845599
469966379
2328755054
172
2679400
1209581617
4144921239
19162363
4164236
4114152477
2619881800
926215114
1773950939
31999
899
3653869
91562
1805166875
2708499956
864942730
2793072428
869071818
2628342549
3427174980
4240
41603300
10673
33084044
1251
98354
5358478
234
39940
1634606847
16575
3975275337
15858161
1160859641
2120943789
1805767503
18235
32730
1831983438
2592252298
3995463632
70011
3896
2827841178
216283652
772927515
202181
13661
2015217103
209
107969
3892129619
423543
753989
3288032115
42129
2583748510
2693368568
31284
2143063112
1597841496
372
203868083
85463
484537559
492051864
3102547790
93242673
922640121
3259246484
2712000550
2765522949
22125739
694069322
1198890718
4173269164
6578
8479571
2378779377
490767636
2057005869
2955950695
2900982932
31995
1289707468
22978
2043162
3012204942
2269473515
4163414470
1980873
5721
3081
3983133
1837386944
36
23800
2202517738
4996
1353626381
2608733601
2662852760
328293
24439962
347226
150
18224238
2827351891
3840182861
136210
1816178031
1770819049
612622329
3409219153
2211217220
158
1307265339
165
1552
379684
11673226
3967393251
322989706
3115420
33689
430688429
236117
3058733262
22773872
2421641516
1464
4051990
1390505218
1605
2299790124
211903143
9065
1294320851
4753
1247726091
37913004
3145161786
24899
3146955833
223
2333923625
4279568499
2810604122
1740924291
3628883864
2091221875
896566896
3058108901
1060167895
559634393
995543427
409660
35424566
2238264606
2194696575
2304078327
473778896
1250511520
2102931051
93
163758913
3517354245
8944
1672030075
328936174
318217
3172305411
2558763432
3999097472
361185
751130035
2833679334
1079785914
2650410480
42037215
34525353
3770013630
3615694379
1390916045
2835079913
2277153800
15104
1190445608
3854983777
3563
2245897
3660258506
3491109101
78708495
679
32133
1211882010
2186773347
4023654
3563812558
3764840365
170894115
847342868
4004218203
7870
2072597505
994746
3385588817
3101422
604514166
4067953942
1707273
1926549088
428962
690255344
888
3342993
4084424486
4210054575
38444035
426
2345
3461773897
381667334
8959
282490236
12576551
3920753714
2456970889
3400621865
4057683946
25636242
342758
3092
2091685019
2177590383
11452762
42623
2173557700
2767154748
1049557479
443741425
922644238
18041
98285
1899486813
4234795114
198581797
3303349252
2191061183
2908619904
3851915
363
2197557381
934571645
762870
723903864
95536980
1792562719
359356234
970
62
994237755
880415556
2333929575
3933537673
146
1191
399504
2425773
3600182528
1254
745798
1645378873
4206
186
4241382446
185
1581998710
813310132
587
231
327401
6041656
1072197430
737221927
3550810051
7361
71
224699
551006241
1791915368
552194667
35485930
2795625
7729
2240437263
1913
1602567453
2503262325
303
39140
4176672
228862830
15232
2435698593
359
3727
3917497376
233928
3258697631
327711052
3026394695
[CLS]
1047677647
1312131881
1957008621
30008446
3325788165
6052901
2392622418
7763
192181
33600305
2379014453
1791250428
7443404
1841921753
1280488931
262489
24313113
414
4214532707
406487552
2694997574
405
1301
4041152544
2212573984
1746118415
195580
141157017
3855292234
734
3968746622
3190622356
3299440986
35748116
929
2662129702
192188
3004333805
2378775366
831463242
5512
1688374977
2762810942
122609310
359819042
20647711
1764036
3195927545
1841865404
2286870066
230972872
145
22668239
3273018953
36275
3230954578
6940
1098145067
417603955
1910766508
218
3959273140
551
3400469289
2064745600
410310586
254000342
780900347
602490
25487536
567920370
1550632185
1192571802
38728378
3840646666
26650244
1322604358
2266488731
897599319
18883
313073209
16219
3147100053
2421569
1998268545
3763807821
1168823332
1389140
2698958207
2425773612
3640699638
27
4008506203
39561773
4277593707
2997329
3530144195
837
1851976446
7707
14912311
1314643790
282
3025587565
1228815484
1016841936
3888537269
3462728083
3335427733
153234704
1671770604
963029399
4589
187141432
1157647981
38551273
342547
1510323402
1703331244
649
263863
222826
256916
4226364443
1054847
84796121
269
2292076367
3721891906
3070708
18516831
1460383927
419837
1065073467
14603839
2669803748
4258857315
243
2747
3477162954
262673770
281
2572973538
2454177
2654043257
1738883032
361656
3461773
226648
3447654516
5
1634793067
2122669122
190855
735881323
3255046070
1584969754
2227993885
4275613329
3613601937
42231084
1297229997
3223787951
970433791
848127915
2576
24377
416859436
2949540058
3636483268
564
4046184955
19878
3974650111
338972951
332814
914
257083
1189346528
40044
2699801416
10789997
408913
281550
21567
246361483
1815665605
1049853507
4249752643
21325118
321826
2933015899
2681681
2393
3531872956
2246703798
2351145560
7399
913217364
135957847
169168885
1518598760
7450211
34936
3975295
2064788354
2487939322
12001544
3856463
1605813830
1093619872
2439
34191
1742403
1579
111945370
3246071060
4179472
1132133796
2850682032
31110779
312064
4022
2650523151
1920385271
184
1506997381
39888615
242
1887248178
2370183897
2165820178
2809632382
2857570276
2885
263925
2380703069
1026928756
3790767
4149
1797109758
1632954944
188
2378435491
9139173
379799251
16775756
1010943211
1349051
29514
980083357
7894
916
2946958508
38682072
1849554
3130636736
2551496503
3500
248991740
2341585586
37007253
3914893947
584113499
2400289388
3611859096
264132
708167420
3396373022
4080809885
184186
4287125113
2578449573
20831399
345
3606227784
4252058327
770790051
4252229081
153389990
1767203358
406029
36964020
2097401367
2389405982
4006726473
232
2567960918
3098934668
306
2932630042
3872837863
183
3376021752
3419524736
858984704
1634
377716
603177034
815990925
2363
124772
42513703
24469615
3654
1009
3090652201
397527
19844
14116377
2988347999
2951477245
4189401863
4068239
10018
433693436
8471
2648462710
2693089
1265022368
2257970297
1479297908
2703100786
4053293
180410822
1657078373
3381942881
2675
3670371921
583765
266282396
4264704113
449
3010410747
3990065839
3633569
6064
1302193989
125482127
332300
369315086
3356008079
9548
2828328560
2876806462
1486365896
1926213669
10536
548090
2642331
239
3222770065
3388061720
2927862851
20891174
17919153
284550
2240430134
6842
785465846
336948
2756489
31568120
346337800
7253389
21430
2851990823
41595839
4126928562
616155759
3890026507
31857
1962565971
18244293
20570
3811375594
166552404
3846
744865147
208074
4178682433
18712
640993
1686095578
636990493
1633303154
39874
2245897107
20701789
1668615
2669891477
3641743404
3657558689
1260399517
2301358
416554
41031
4017892867
1639811798
30262
16860
783065961
266675433
814885194
2132511834
20351
4143260864
2083220171
10
2583788865
2235251195
3337860
410
7253
36538691
117593
1823539237
9744
2410
3612922633
1730915795
2348362483
4066
42372471
3346539298
4150462456
9714
4288138899
742068731
102187
495196161
3753451792
5548
40862
40280653
1586663014
164
352646
2355616982
137031034
3976884
2009563141
3092409952
41250892
3027150250
3591356197
1181021693
2335728755
32185
2739
362831
18443438
500630328
1770172888
318897
3168424013
21
405631814
1602832950
3600760553
2035123431
425205
400672
2806018737
1533899907
3455439399
2282316096
32544
264974063
34579
3595956281
2105104991
576
38589512
42296113
3210779416
34804
22793191
17407
1913095792
2694845469
2154935424
979548061
185338601
118731
3234546995
3721074574
1603
271993244
1570037
4121
22143589
32595586
980020035
2851977513
892525674
3151378920
870935869
914018444
535
3345
3147164583
4200
290904
3202965077
17362870
778974661
23692175
39234
3262595936
89795814
1613938192
47463657
189435297
1072818777
1362518133
4036774
2286870
231757671
2572035617
2667063169
338897
4151858217
845764036
2246
2606734
2556543313
2094236579
33942
1774142290
40682190
3292
401
787485710
2285252441
3824
754384347
266361
1940986821
4036008092
773709216
1035905447
289264456
273092751
1803337813
43369
62577013
279627
1824
2843992054
1842281
2635303940
2030
431
3304838262
2232695
195323148
1019
196
4860
3121777292
21564
3480883407
32
120080
8148
4281827
3388061
1525555029
34301371
92069850
329674123
1399
882876232
1688877
1309174
2027555469
18233
339453744
3594
549308145
389175080
2399465
3574150615
1142813461
104810383
20767
522887562
4148
3129226281
12400
322497
1798001854
314414
2251883808
3261362750
318339
847342
25999
2142632594
2587807475
4094416234
2381948038
1603623823
92951884
7681
299079
3518995095
7372
9630
297512
9971
2560058676
1332561197
265404
1446633534
240662
2245900
2974534217
2815508886
23899677
3995043796
412692
472281497
1454495131
206085284
694
2709
167203
2753863138
304781
122392022
3680241250
2656441934
20655
607100956
1626281205
111711661
95514720
2317493814
3018557707
28103
262433
4120080705
25048479
1469662898
15826
22279
3526049670
1271691605
374239
324
49
173250
34064
897418744
381854
891808575
305860
2315329083
19191342
2592785365
3792014
54102
4266745459
345767
45964483
2753466440
201397
548090234
2815079681
3847744
3511282223
238157
1051274226
38788305
390375879
24492212
3012774
3582457602
4095742117
3374
645447689
1777808739
42025
25014
3924
28104
604261425
1518860549
4115301875
2032
992462230
1117461830
129722
1774487073
18880
29720627
3841240008
565690435
781912670
817288796
2563827157
1516486173
3791162674
38239
2360741695
25304607
3631761933
267940099
63
39060693
3653435029
1085275179
122733
43404
3159834552
2263094741
2035488874
1375207807
3867217312
4097685028
913244946
1774800027
422252
3929
12650
842517228
177481497
1828761319
1278946785
3119383463
3012774753
137
1362425715
1151890095
6680
3855138882
323454699
8654
1750103312
3315826
17324879
3032744
763
1207774595
248869
26234434
3691731942
339
4154895028
1915080917
27315493
40808098
2422561775
3987247535
33250
4164236649
1366835147
14714
185197644
7462497
2412
2447
379506
447049820
27369447
1750450472
18734
32287
1907621030
4097129723
2091820673
297171
2977973464
27060903
37
1342092334
3695064
3004333
38672
39162
4141156724
2251845
1369
3528321
229
4254297624
347281
1725005989
1935558055
4287916092
1362584143
40266337
3585958780
1904298846
1505769767
269711022
1445715347
1390396830
32433
3440926571
17392679
3513081048
953509831
8473412
1652175855
4264581947
2759434019
2905660137
984193073
4277
2527120608
153544
3582457
13167
4202572743
2009563
22814
4029122
3435152847
3531344838
3318130
464
3194612514
3909950830
2975116
4214
11152
3177461
3411158823
2649453
311542011
1477870366
1064883769
26939393
298374928
6209
4175736998
2049340176
2546
2446814
3312828737
3975295864
1187730664
668948617
39224
340921
3914061263
749767025
2477914203
2618049074
2459836637
28648672
2394
41889
4272365792
2428041
1547062076
169809287
3457964313
2857830352
4097129
369387
260811
10721974
4239
662595032
2362
5681
292994
1962385743
5426904
1254225492
3983708967
840
2813762
2517511
415
909
4068806385
275
2501809103
921537740
880707498
1029921565
182794746
30205910
4273
17501
27303174
1226975992
3742395837
3285213767
1187318657
2651067438
3594120102
2856460232
2463614838
995319674
151409
1901826219
3829175347
3974
101684
171042
1554077937
24174
4194
38468299
39430874
5554
11428134
14285
77273
3924709317
584893129
742403
3922470096
64920101
5534
4772527
323136
4089091253
2397
122881
1530934741
753134939
10905711
2208683925
549
3873203
34613544
3755617040
3337
49962583
1035328511
687728186
2196511550
26329460
3133377014
2476163727
2693368
1776022856
18930
4229611323
3078684255
64182
4036023435
15103
1533767
205973
405631
1137369414
23787
15319
9552
1919512432
87250
984473645
1785982180
108950
3234104871
2455275232
39549
1784778
2393031955
97
6300
2599973
4130364232
4198375493
3571104434
4042284
717512901
3128421
426185
31287
262122284
2844185244
2130998634
4035178815
4194776
29779734
359939
419
2648681539
351019652
1904298
3723427
14717
2910193141
2677752761
1315950583
3105149329
178616071
3534797776
8481
3292501268
417573699
3243365139
31593
2988843
864674487
26757674
41760
737872620
3200662296
18864614
828867538
2586211790
3999
312233634
129266834
3777168895
13859774
7036
567
2554115493
375561704
658405899
3124498018
30280392
2918505930
2092347
83343
5174
224888
2693939312
2719762
229197718
3726694352
26374
16644
95529471
39534
304254
3295264791
1309174377
17967
1786988278
3134912762
1273514808
1137993954
1377488624
1375331
2358053830
271
2966851258
242527253
631544676
326111
772730669
179710
3296544553
2074388883
1858577693
3263
2567653909
98466654
42912805
3324305309
833989850
2288727
340
31978
628376825
1582611257
219231
211900
2380082212
7081
3584132769
185739652
171
2675767470
270833924
2397635138
390582892
4138040424
2245541727
54936104
548743766
70
3281203174
604165621
4069016315
1429182865
27850679
674450788
716189338
292786
541028812
1120550682
2431311350
3319544194
3693875873
4263280492
361391
2429599
35981904
1784778803
9142
2227993
459747996
3961613636
365613
2625280843
250
322118576
371916
4064
1664499139
336922594
33678
2604585747
2551483158
2065
16198379
3462333187
3902851535
545678409
2428041973
2834566420
3615694
30569961
2431052186
2228063
255
26571
2672648630
2856
937437774
283367
3720844205
606428793
12958231
4279707839
302
2216806
2045094295
13702447
275404
15338643
754250781
289
21965115
27809
3217380
691802624
2296
2310
4844
3987403041
235897646
1355346056
3534901675
2282936068
2691057341
4033841756
705263548
3744910546
3102
1360763609
2378774520
945841656
15849
362715007
3956177301
3725073659
2635339062
9064
346420
25029
3941546563
2669055056
1780439930
2952211277
12662
2379917043
18928901
297681
3789974728
75671
2972062794
3044751281
16839
2785279
2995715945
360528885
36883
469172305
2089874286
2310811238
2715132
52071157
3700130664
3232361348
3238096350
22441
2997
2202968485
554114553
3424689233
5760
417624
16261
1707836284
3349244
6922
281086138
3362986285
3788477428
2555238338
1226508140
3695268654
2640
20176221
8975
3286720230
31997
3873245682
864
8623
3368912827
404
2053
1370244756
3363184680
368370992
36305809
4237357508
4194366
1299497373
2032400231
4995
32109
2473389857
6729
986684722
1294853838
19657359
31294
28075849
22469611
3460
228862
2293693622
417788
316071
2858978810
3967778495
558890776
105484790
1853
3267423963
4232
1135977762
517457164
4158670456
419474
12753822
1468
3032734483
6042614
2147572453
4280727604
415104187
33290
2306765970
264080
1044
26554
457324245
1789200
2639787
4068
951226070
4036774035
308528328
2410844681
3480460452
2093143
7854
20916850
486030630
808895166
3472262170
6224
211903
2360956568
422976216
27845063
950666816
2245273601
1247505
883
3506860
800345569
1191280979
3953445033
1279
3632261871
3394
3921298496
54
405987842
1375207
2624895325
3143719
1517923320
4116013
111
2487927669
1283654
3283194
314
1534175580
1067349816
2329004703
1913726790
18994
11358462
9374
2253728471
335687134
48670
161
847867887
39372
881559509
5740
1760379884
3263833044
2013464610
271790
136
2879351795
29101
3026394
4006278292
2669
340132512
1164080792
581589181
31828
802498242
2064774207
177
1533864325
25600586
17739
129
28062
7497670
9800
4654
36259677
1346
4016612405
68671624
1515970817
18287613
220
3400
1028449322
784370174
3792014746
1978844073
151032
4037090
2570835912
1889026003
409844185
34623
39572251
25334324
2308348490
2070178920
1231429260
3798139026
259610089
3120642300
1892624730
490767
4086265842
366
15212
37250736
2933015
18
1226093
412
2418305141
645103881
758494440
588719290
1843935136
1958557775
1377812713
17873720
387
1354413470
13121318
350
74
3808467027
942233563
1819751231
1150554131
35347219
3726
3205014
[PAD]
37862
1632954
8989
1362202978
69470421
3182177290
3241
3871159421
3300804
1955807728
8425172
84143592
2966851
357594109
2025339464
3847608821
360622
1292
3207
1786988
1483215413
5493081
287571677
1578587400
2798974
1470136
10059
1688877869
2417481892
361656533
554
20543
3323076048
27875
1482290450
227549695
40790
3581739
1236135396
631
2583443460
26628239
399
2341335741
4120080
2424985
1055381112
178213
228494
]
2949
1163437532
20656
310
100456
205743
8804
485458970
22215629
20907
890819964
21867
340640331
3384631972
23890
2399465218
158199
365630
238911
31753
610814047
23009652
153297
1673385666
1598117
1914
35453654
3562848686
2559675920
85473
57343433
276
84143
569172881
1987682683
4193723042
3482873808
1862400201
889094846
3545209870
2929340696
1211233089
1198890
116935
180
1257718710
4110198278
370
22694
3548593074
997159370
2449221252
100267188
2243700
2846848939
8691
421406890
495196
4235432511
2717906419
37701
3824063
14999
1891174
21506
355
153104
3777243454
35112822
2996859143
4216936826
149257
1535442616
2551
2653015109
31290
2426838426
3749
14
3278587996
2599969443
3800517129
77371294
2065557121
22236
3598851
1880975502
1300930276
39551
1454848548
2085005491
3195693593
894436332
264730
125
2515833467
41120196
3502370367
3496434313
34506
258298
3300804367
25468202
401813
2284942693
828869727
31471
3032744501
1411637782
3270621041
3566682675
1300930
468
872084909
1428903162
2100044481
3034
1740084810
1065060494
2974534
1824429351
2580666477
1800474488
716259814
258745374
3327193120
4051990092
555430739
1689898788
44
2663617800
23769563
637086539
4160330003
[SEP]
773712949
3628319739
2406885669
3295335300
1569056
4179862704
3632480
791
4243977028
2851970270
31773
2032400
2284216728
22579
153191154
386
401112
2035139479
1421345390
4814
504033285
1914229733
578
1335051214
299218522
3573779391
3269559205
1708236771
3943087404
17414279
3537123720
154706
1250
2130895504
1173346717
61602
14712187
31223
1202631756
411743942
3981550117
3891750802
38401829
2486574
348434
2220234
227
924776127
1588505616
912
290773
3770150703
980022994
4065760
1434596874
2132297815
2747850234
1003250724
1271688533
751208592
2834
434045476
258374
42505851
22455826
856616506
4235853284
236126
1502219521
3542310
3776905
322763
2277387252
11505
2349616923
981979312
223826460
3175808089
22630
22227150
35318
40
2295519362
3633369638
2333809286
1050501134
167
1231421381
8476983
390582
897
2245108812
316611
130681660
13213
2039167839
3145023872
613236713
1302428427
4079020928
41548950
23108
3308152655
2239803886
9672
2184261626
10351
14291
8159
1351825692
41326034
2731
2795625510
897958148
4037090848
996966
42645
3908647167
737
2451
32066
35404019
2465873817
1404983490
1924383628
39256
1865
33257
576710
912632640
4194776273
40671451
38235063
144568923
3297897533
17777844
3256
2687928295
3218466
2211531992
48446
602490605
25862117
813
2795747529
1373866990
545
29495400
2488692798
31521
376484
2328742801
3401232302
215
210
42669
1525
4074
273
4275473
2752676176
2901758
35449
41634144
2017
1561598917
408
164110759
148999
3718710299
2990797263
37971921
981
3073853
22507
308
2132297
23083253
366025
3088649317
13710214
1048103838
56435916
3369488737
3987005704
199209848
603112215
1926232969
1790241051
215759
4038637638
401224744
34562
618663528
3687134
955294715
2023044
1934901047
30121940
2584514126
2515666805
144571534
3824323154
864666390
3654747596
33560080
4206592788
1201228758
31904
23174
23789
4217
3925650716
26505
2412640663
864365306
612
22967646
2364843576
4003054
1685266405
1368841224
1510461303
3783696047
2089117413
2068840568
108880
155
13612
154569897
4182230778
31061904
2807500
1964101
3177290410
1835905744
2907735638
1657557607
3609504524
1506686089
3199938462
2562765190
1241202526
99960
166
269052593
868
277
42282379
2503732584
600405749
1445852595
269105734
2609658
179836431
1758
4118787
4030303580
4147552609
1396178409
1842114921
1471218798
1688378391
2117068077
39796193
679720704
102891
329402346
2369690741
3796701813
3021397531
42135297
2268602540
31147334
198187
3190463195
2096913759
3370172965
3012194070
39848
1651598075
4179
3680217321
20133
1822332700
11519
1562953141
2013317214
773457308
1173125914
2099140285
1710426746
3670614808
1260628285
1880
23509
42110661
723026879
3917675302
2296493092
161922245
256570
34608983
36411977
1618935250
4120224926
1856075173
101325
3303
3056512853
1797936203
33494641
15629
3310538421
3351556771
618
1100
2653264070
4158
2865
1055381
3844190644
2976033787
3983062349
422027
994821171
6004
763670244
2032342703
78
3212180222
1464292000
19344216
1459140616
39519
3625967751
1360000074
11352861
545477521
2618662004
22064
31245
31906223
3296335394
948442053
318578944
4066840553
3094601250
495977886
299474
2437782866
6257
21051
2719762529
666757091
2672648
946484508
2201149108
3614376044
20889
1606805356
2628
2736944
3878088883
3347795807
19645
933254104
137748
1711656516
2100728
33629
3521260390
33465
118
42632
576852318
9226
2149312528
2192318254
20290
28752990
1362202
1286704427
1536464
16941
3367881087
1662587188
4066851934
4009133293
359304122
25163093
551287920
1382748768
39590684
45
3785494110
170783
98513984
398434
3129
405987
330
382577470
3632350815
2251413109
111391
41736
2252049393
3594646603
422
2586165630
2370183
1839400278
1987872597
2199718453
11212
3200
1700074855
2550373420
2484768743
3415953463
133296613
2984045667
2662228479
3131
589
571968907
25587634
3563657564
11
2811402350
4266
228231
3474234735
3264465633
217759
1683958275
1191894228
698893736
3158
2635339
35798
1922633262
19355671
3103812183
495171
39900
922887
22453
3357644
3347210558
4275473810
1822332
2409578187
1638952
396777
2798974770
2157595070
406
35320533
1483731628
39990974
22868
3126013949
3224387442
3138645051
1864772688
25781247
534505558
664
1251717127
154569
8912179
1276993226
4176672235
3545365497
39563
1010
29968
260
95066
4095833648
3660427351
2691733263
33117
1680
1932778582
3398165723
3788138
245501
3294965984
3554409845
910125538
963387474
10230
19960
41244
135980
4018142848
2457459978
555222394
266905
179793
900670219
737483872
4240714487
1846164334
1681811079
206884
25927853
3270621
1912859
28720534
4005321
3199564020
4281827612
24426011
797297496
3858951290
1173
3600182
2057423023
39289
39844
860679140
1965
3613
311
2200643434
411967733
281507
203391
3254486562
35711
1850082
40563
2757496438
1855278520
7162
148659
141882433
2697110228
34096
24245306
3836034043
268756
166315
219714
3537119515
2556496593
4890
2232695517
403338044
3215744318
798967276
2285
1976356906
2858133368
368531313
1250511
2171311576
2632467478
114131367
2157360080
3058108
3158862910
3177461711
2142632
413381818
3768351630
2092489639
3206633359
1881855826
1183814492
3120667717
2151829
478823345
3662652309
1076398246
1028919560
5815
564016084
2788516831
876651869
1270241800
271990834
72174
2336694
9924622
3085412755
2460259683
306645048
321218022
245
2361171451
40360080
333
118837
1349051879
2402602004
3854942147
5757576
9866
4212936508
3946077
4269929
3371273768
2666628077
2232363
1908559672
88287623
469426350
847433
2426197502
150619
3941
1971534
426185235
18515110
1608637670
3636518403
3995463
3724566218
3320199913
251572710
489022606
2355446912
1175930089
2555
4600
869152089
1661797005
3592177452
910
1880637161
2304654568
23814
400
3506860767
3163918268
201335
3010410
3998601772
1237948901
3171146212
1301982
378880
3662562115
782176117
3623471868
1757809293
22113891
55489393
34447930
3995836550
68619108
4277401654
2041738475
2725492259
6
200523399
73460526
3028039221
421
20404716
UNK
19375074
4075227635
15164861
2033940144
42403
3956360032
2333646459
3999116598
1542633699
305306
2620540851
4009133
39
280384
2518272
596631197
25679609
3984347356
1870
4118787735
896700566
720543508
2192312499
3596714509
708163413
334191
3795525628
906539195
1782135647
2175220
3987005
34025700
275346
1640084
35561896
1870507601
253234136
503768895
20832201
18057675
38
121
10297
1068491328
2324621
3084296218
7378726
1295915172
13100
2787679583
6744
871989
3152170373
42001130
2154963
2198671
37476907
1510720559
44314
2885891568
1790
136615304
2066388440
3896637798
3170646976
2715132607
251369661
1362584
66894861
3776905034
26736
3554
2270119534
2872
3532053313
2324621955
405833988
12994
717516918
66804296
232711
2591215987
2094236
2685369224
203172
2477902888
18126899
2285529321
167470912
2221562932
745798667
1917146276
57
1043903
114
2802888463
27264547
1200207104
3219326737
6369904
229197
198706261
847336149
3886201961
575757664
229551
7972
3471113244
781447971
1747
5691
2807500754
474
13667311
1311675632
2435680164
91394
4183500370
37263044
4160234444
298072
3429697732
210004
1083852209
159784
1798186
3534637918
28277784
3870357552
2986138612
717723595
1520
3114733492
371
2304442
2430709660
1342808486
107027
11605773
2446961558
39948
4029097702
3845894
3062994705
3811375
2093143808
3474453175
4197146180
188185
2195208093
2186243679
2997633404
628
3455213876
121815349
4206179
3266129148
1598117841
415046
2804033182
3346582092
1033
108609226
3206345777
32641
16036
345434
3820826669
2343
1919134267
447049
4010954163
3656132979
1873428187
3047812400
24733
319675
2851325
1116101
2807584952
4222851
86494
1090571167
4165543522
42373
1693384495
35706672
509010370
2709732252
24478010
1817259
10565946
3395778430
684224063
1371021466
3747690763
20229
8133
2240278226
3118255683
2662129
2345607301
7161
5266
3774303344
42881
19226332
1187241316
2226021547
272
705806951
833432980
19876826
377724
1886461465
191372
2407
2807475527
97756
789456611
3994179159
768131946
1390
1313901368
99554
11934
809640815
2858978
2442433719
73
226860
648053635
36288
311020
882399112
756630
427867059
4078
1551882881
1860548965
69784
1708
3845
3795067332
2308325357
34911
26011201
4274827831
2072597
13159
42922568
3124242557
219755
37127
1956448536
236320244
34271
14755
3900921
1626105231
3483264862
217217
30587332
202304456
22891
2019968636
34828
34013251
1250928372
2206467902
3116211514
351625116
1475544829
200
3797192158
38243231
122
1282463159
385257839
3842433558
21639
462343552
2103201
1880637
36047
38277992
265892994
14188
132502
31534
143756848
89670
4237010320
3689934034
41602344
11234
2925853
1267873599
22997901
1638952647
440938400
3325086180
21309986
822
64099307
69
13659215
3266
2430356512
37993893
1844343863
249941
1184436594
2548753686
3143742014
592270383
3238423678
3226582067
8720
473
3579704760
3337860654
4078804981
1043903882
35
6177
9841889
3460130149
4060296991
13778127
2442601122
285
3720
3194674235
4041152
364
843007957
871989940
2999514534
1485147017
3388989546
295
235897
808416955
3474
427498490
772923822
3497668186
2464834696
185343576
1252696423
3387
2641323993
1909452861
1163048
4004
19107
3409678533
126062
1151890
2326289695
234836
2142
1938540009
33889
1510337516
4291280580
1270241
1521289298
603
3662599446
12
24763
1294138518
265134
20134
42785156
776359377
2245277810
3338474612
3657471097
212
2805162354
3772286871
4184773
12943
56819536
1916236386
359913
175447466
592651569
2029290535
3593562348
1525234171
3317911144
1614748561
203749
30661
2175220748
3890026
1084224517
118418
132388
3222230648
319
223807381
4256629345
39817624
284
4020645570
196114
984188929
86492
2246340824
162299334
981072036
41449212
3111077996
1661
315935779
2687950697
80
3727977332
41732691
2686757852
216283
658782932
1721979
228689007
1113919922
1532976523
322118
261
3926378160
1004562254
999334
3828771
189117477
2202598049
3324450243
2245
123210721
3833608434
717
304555710
220014827
427740
1621994190
34004
95350983
957693695
3081284555
4115064110
1316270978
8765
4146891566
1639
395513740
35383530
151653
33033492
3797
39278
318583445
28074
1506563
4854
540538700
153380904
3075904
816746849
745021193
43068842
3303329916
3995191050
3137247173
40113
459005702
3574811660
3401
3788138975
3554022385
9471573
621690156
2633382186
3599139274
2850
31894
26510
3393040290
423
1494611445
3334979549
2426353175
3319
322
549361
2453385669
317064
2163918870
133109012
2673871321
330011
996966525
10815166
53
3182824521
4257817375
229369
88333546
6370865
1287474980
3632261
2758
834736776
942233
38750044
389
8690
35210
382
41894018
253343
153234
34
38424
984
191422973
2754
604592022
1603809403
3931877381
331
5869
2
257491
1757809
452084301
535794149
30447512
2363526941
24263
809
280288
1851511083
1279698314
2599973650
16888672
2127653824
91384
2139996060
762870563
1117461
2719932443
3493685162
465470499
4230337064
3949448130
1730555933
1418286036
8475073
2033940
1009961767
148373
17422307
26306720
3297
3636483
822222489
3963857170
3338474
40054621
2451306927
1338
3387672131
2971716993
39174
240360
3366610659
413476074
987262449
4055318
42497
89
401138339
3739652
837609649
1706360690
202055
1693331
916396119
23069852
398
3394264871
3573779
3435152
2649453720
2796276856
91562845
1611275301
3481960194
3400845429
2400289
2909452510
3641197757
2699298541
221787
2325931558
145449
3707
549343439
3996308363
4177888405
287
4253992926
2154838620
142352
3791102067
13536
3296
2850007887
99154
1296286934
306419
2184651344
325955
2601120178
2252199331
3979703018
3840182912
402
1932106328
215642972
2976816164
1517181260
4059437264
17313256
2393016670
123210
3094365125
75424
555226383
15
3909974435
4213529799
4031582623
946484
3205014511
2005
934550081
32265820
203851115
3224978178
4223817698
2390088499
3226
27655
1016841875
7297
8589
892
2020572067
2246997334
2466986957
3044
3845894314
35023703
1627382
3042542132
60710
13350
304823345
341115
2209842778
3088118672
3927890045
1046365429
4056323594
313491
3917560672
222023415
1476555001
1150838120
2380084179
1158853162
1116101896
222
847680145
3681421009
624
478823
62093196
3338741758
1173346
1021342
555182196
3134606292
3851
3888541051
33241
3020591076
144
5551
4243955437
3976884877
2929340
1027136231
459644830
1630260676
168041822
1674709125
2591428991
311825
104373254
2088819
864922462
2381577299
36853
1883
1231564189
3189554341
425
117235
2455552319
4280161397
3725338750
1915080
1362101372
2724631617
1114284295
20924896
4222851645
2644797347
3808318805
3544913046
1266294857
2754043255
2681681991
50327008
601754018
72
1247121583
12363
2038424
1514095308
3542456614
403
2640800466
26333821
30664
2847919965
325259454
1464971048
396904
3473431882
312177
258298340
1930058827
35913561
245338
27526761
3746329795
86
2827
34734
21549757
157
3599139
2535955481
41202
419648
603510687
3992410619
36534
2244304593
2896488
20
2083572173
3427588071
29753164
5040332
864674
1607
2680194
2765300781
4291903839
970102735
2884
29
4239037249
2875299050
448563
214458331
3026237809
2813762851
1445689
1953
2223687999
2778415387
3413360
999334238
797143153
2673767447
485209409
19243
141828
9345
385513
1912836315
191714
3957282260
1735424888
249660
2302361865
38549837
32644
721740560
194
35941201
365755
849275503
321714
8413
3569425214
929518840
33631
2185464284
30886493
2105180129
124
16398117
291
103
3629383034
309436
889510572
2302361
841303448
2610667886
2024310625
3329084815
65
994821
2404733910
1444134
4251370388
134280
2429599219
2236753983
34832
3982076256
3176806076
4248
815212913
1192
3988861584
3025617963
3008859944
38083
383360
3012865236
591
965701374
503
2422561
1449131080
2300965267
3901
3772286
33849
59864460
9704
253660
2027655192
3998601
2089
1211
2769904609
1081775047
34587741
319173395
142573864
921439924
392129
2018156921
1914416
383
3933
1866642066
78144797
2668736035
357522756
2285248710
3053062263
21846
1782525
125859
2642331247
388089
395495346
1396662131
4173652844
583765878
36604
37638078
4170800875
8063
2339286066
3102625017
3458774156
2240278
203
4217547006
336661
185857
1067305901
2709722785
5922
2574917850
694029191
3029985115
3218370331
34775
40767
1251805712
235
4096607203
3579
2948946844
3894662850
1964101754
2999
2812717155
84
2929949673
261866
649473186
4008337421
258
106
40193215
3231363925
90
[MASK]
4694
176037
1652175
2454177777
4262358
2080551696
1347861693
1045
3314194178
1378530689
2457459
8895105
25514
3386374884
2378985691
2394338241
456898933
847690172
382471775
1119453705
23153290
22443
246945
198520586
852238760
1842
369
847961216
2982494
3808093505
2647307292
2042632700
3906069305
41740
2213350725
2930852949
348236
3309261361
913947419
876596622
2785067925
572778919
422715066
41
3815391259
2439148
2195777271
5741
3700
393187
2845507784
3680
1689
38711594
1239621
12897074
3349464156
17708190
1444134716
2410786482
103604070
2369
1549016
173992183
3311784590
3707577421
24739
2739805032
1384
3320195962
15185987
2894675273
33760217
2844695969
3341916169
331343
2673
1802321007
20210176
2815521255
934178987
38703
1551769549
2432007037
572189080
4194974166
1923187
26618659
2215059400
1258593289
3850
10026
3131896227
3624155
4259652094
2039779848
3615381257
932426730
17959780
2797039712
1135846284
2579634572
2245900962
3726304495
1486598263
4274984908
9287
8
1620258790
26853
40083374
30112798
1847691817
4179472005
2451303
8965
26
863931371
202055245
2389091232
22359
773762759
15159
895910141
2284773903
610
2235918822
1844
2361265913
19321
170
1579731616
4228237939
472
2567005256
3599133573
69887201
8059315
3066185041
2303123038
3460934208
1446445543
32873601
47
2875716
4265486248
2154975767
641323244
839
17744
331061650
2827868305
28283285
2448462321
1458180238
4148613821
218426162
974469757
4581955
1206
34964
1360399608
390997
327
3696402029
1552609412
2154963842
452126662
1565
4005462102
1332
4110211703
26504
266873603
36899
776220509
2204949651
2143080395
3995110180
3585540930
1101
3826141467
2827351
1583799011
2405
3215744
68028839
1073159142
207444
280
1053660853
592504101
10032
160
3103
3650394863
1254998976
3
1366731186
227064
30327344
4029122238
279
3016580
60351
2238073819
399583
387677124
409583
1536464881
8476901
103532
411530
257376
2447826885
2013359779
344
3197866610
36626523
449224273
356132508
2687568853
702689412
38171733
923794096
238070
31526
3920
778680760
332008
1619222458
810834145
3855312692
744747118
2501793770
4854589
292412
2370996728
8481279
1634854406
3076878189
81674
15188
3196755797
1026654242
3000844664
1729139679
2608115077
2810425194
550081331
3153477100
3438321593
1531406731
2772996357
1085
3345225135
3910
378
5719939
237
13607
1029714706
3425478515
899273434
38455751
645103
2557045420
3528907692
2562008222
50326945
304823
3627150
3227638400
699005531
416
700116948
3823506351
140941
1479297
600629739
21313568
847694221
2803419857
3983
204934
3736746
4035708
1349670121
2091911181
3964536658
1469940320
687
24602596
3156812067
3440926
900
8473
17060594
950899829
2222711
3995900045
25861656
1497079
4216936
2576005379
2032613681
40360234
352890
586970519
3466667
913310822
15615989
21170680
2327113268
9286761
8890
201425
347716
1888014872
2297802135
3852578391
2389967757
2424985567
406901
8877
342969
2142032900
913849554
971413882
1786160715
123699590
2258843522
2650449390
23583
888549712
1382479327
4211066185
2203818201
3252594
420
4275561104
903
834
3008098818
2718013753
3005981942
773607102
299
1365930664
1081
306704293
1226975
64
3992738647
1599425600
28793517
42
3571472842
7708
3892
2154
32660
7054
4039837947
10684
2424530656
2639257445
35297214
2070976245
554582195
559
3340
188724
3334
3633569943
1782291
1694105890
32978302
2214358924
4098441858
3521073567
2092815408
14805
2762211251
1972201
578211727
535847852
1942649726
4011126590
3369225948
24067793
4254297
2606734789
241297904
2447801009
33
1569849257
480680885
4520
25241
932711
2708011313
4095838119
2015089002
864662311
1211075233
2254823356
87849052
2155183954
3110205660
1792570735
628028555
1446407803
3482367261
604
3661288325
469168129
520
3320089071
7374
1288381787
81
8405009
3440898160
2037096428
1961149440
3612926680
14863
846274592
31
3542310291
687654781
270609
3356871343
2284461984
3195
24669
4125089272
2569162574
3286720
1740632203
390185517
198087394
4034048044
999602603
2204
15868501
1321321582
3791300444
392925568
255596194
3826141526
40413763
18981
3593971783
135534
3328145258
3976204975
763271834
407373
22601853
2031300994
1234561568
2762810
3261116193
110469713
499970341
462
314867793
3912
1782131402
13827
2574787838
28040331
5345055
2859927339
4194974
23095452
3665
1019187108
94
3961613
2431084646
200184615
1523283218
23787753
29402651
2246728737
4050304643
1991
3631792581
10242514
3829173234
1776414025
199
179
1871221615
28442233
2827778408
705263
4266932408
495900615
40042182
4041573576
485463469
42413824
3218370
7682495
2975126068
3876771
1607636728
2780984048
1229325558
725338936
1637
1112860344
19128
54567
3103858517
1842929960
2856460
3632350
10463654
828
302583
5500
994485099
3840912935
1637836422
965
2128737333
2994748777
16717
24513069
230
3294579
1790668568
23237
2250750806
33081526
3362022
2058913649
1965802293
224634
1389140885
1791271074
744623800
475355132
133
2430
64070612
4256676941
3464207038
3912533315
3371487996
696
1370
68675643
31365804
3828771332
2406
2280464758
2464834
22916160
907424035
538014032
2096953
2756489526
3128401872
3525528780
1098069653
4196488051
2217879412
2864077741
2216806690
2998383401
2901758233
4134653607
131464
26756162
3135237174
27084999
99
2530377886
9553
2439985312
143
1724763
571968
1996005998
3413360821
20288
1790237092
1931244
2345424267
7786
235311
39820
255411
3852
772910113
116346915
2100728902
2932351534
1934421686
2085103825
1447652963
1984456893
76
3093061208
4092
38521691
2810
25914289
266285
2387091500
3923407096
218521
22451
312233
3328814659
268792
1471429178
2495706124
N
34976
3335427
7669
26324674
245955
592655526
243200
869080603
808
3992410
23790144
2632
1796784588
600377156
776
1609928163
46822561
128076
2270648719
16325037
2244205113
1494278013
12354145
3012818413
1535166686
451
360476689
250830377
3370172
2130
2517511241
4065760512
23894059
1646
788795039
1027136
2021017611
864937294
39590
1342039574
2358053
13085989
38956333
2844
1844967030
1275382299
980319468
3146955
3160718262
2915443305
2017861928
2046592
690
2195580
854737118
672705064
16733
1698092
1079699788
352832185
614270991
1691688
2824
4042373501
191
3717234080
2358351345
3129492592
412865162
3428235283
1822423834
421633374
3461354471
1851683108
3045022511
3102778727
34769
136663819
2648631664
253004874
109361
151
391489
89180
285132555
3283194725
2515
135980867
4121380
3124
2754805247
736728097
2850682
3282931671
4274980
2583788
4174067669
1468912781
3101422781
932
18004744
3011279889
1123478188
2292935200
472259622
1637589131
1163048604
19623
113
1532851085
123
271998
2854651347
2262314749
2088929298
3075904241
3662
592
304502251
32135
34300
3081034642
328521
7644
1851988426
2447748155
256
220251773
9
17912504
17902410
50
1958534665
4278670
4005321943
1078276907
3926
9579
3640
3979703
442195005
23
3751927594
124378073
1979131117
353014
1322604
25796345
2205
460073430
2064771106
781
418692697
4047202358
1026924773
3012
33244
2032171
25654
229780
618671879
3103854370
55482346
3855127355
46
1551
1796274886
20152171
4255906034
1369337945
3044392905
1078
3736746378
2828561639
286
150699
362742898
1395072479
495444
1808477
2092737952
42764816
17748000
25778
2245541
3677861261
3347795
12181
2019
3393
2844223387
474270564
1817259844
1709
2856645576
705
3192317
159329916
41196773
2341335
288567423
22404301
12285284
2309545239
3555434182
1024251450
2083
1338376066
32674239
806369437
2495
1259710714
40488133
11872413
775034628
197
645320
7874
4016278906
3959
390375
2912053386
397389765
1892890177
32812
1918102373
2213350
1912859399
1988990873
102
2035488
926917182
1585816122
4264704
2486574868
1088803813
20761
1823304278
2331786847
1941778708
1629740886
3460898310
3801275561
3295028083
361
4170800
7460773
3957225188
69180
920678013
4076023353
36293
787069595
1051274
3370781832
42834
288315894
401224
3631
3228797695
73960812
1347861
3444793087
57405021
353711
1824088295
42914
278253
4162792596
1782291908
67
31076933
3725356643
1369588494
267110
991548207
3228757619
26603882
3723427516
5228
1512794193
3531
1861965050
2975116251
1070271325
706223156
1653789098
4195680018
427236
1373
3139639237
1256946769
1078211001
35636575
11844
3188978453
3236764
1711
234368671
1785683843
321353905
2342716681
293
10231
8815
2013971494
2251888095
36241734
935666767
1774
33276
216
3354769497
2542203956
3210996113
2734970704
3460870405
3064197019
1741045729
26622284
435
847507373
1237948
1469
1172357439
1845306853
321
3430642422
1271
2426
2423543607
172238518
1168823
1286268201
847
2956057429
3627524306
2855720289
209182
377
1370727332
1854
1409417290
956
3342993694
3452535345
3796701
1294
230834
2810318309
1627912176
2432795873
111128113
4140340356
3360030550
3935
266201
3274018096
553412256
196384883
26053740
2435680
982855985
25018091
574181309
1277
2556
2030786371
27203
1588505
1732487997
446538036
188097
107
1795978025
2948525969
840760611
2558454195
4001195056
4004502706
1377
932734850
3388977530
24844
1965735928
3492293582
2327279874
2323767245
3788801343
2847919
1012780892
3402594617
144913
2448572767
1399127774
2039
208641
2699
1935567158
11213
30153721
9633
224
409325
321869
1301797398
9332
91144555
3207567135
262054
1789200865
11866547
3025831674
587935266
247790
2262800141
31372471
530246988
1276993
11379939
3540004
3630580964
15127941
1761226683
26532
2438
121022387
3370781
40976
3893870893
2573984444
3143719699
3484185955
20776
3289361
3331613031
1686006643
1736287034
2005233991
361437
189302381
3454347189
920
360
705437735
2055222057
98726
1865863787
3327625720
29983834
1978
4023654873
2046592641
38732456
2609658248
3287360164
2335
2487
4066943324
1060167
394120821
1926
2059730245
145484
4223108416
3218681120
1182999
118934
22651
6625110
2637439965
34975
571945
2405579150
4149829405
391
35346379
1849554589
149
1277996406
3981762496
854632749
3856463825
492051
2080747022
145021685
921629099
1008978649
2228258118
3613186530
422381
3300117887
2622243
3994088662
5643
2431669681
3946077971
1889815190
3991020861
4016
41786824
317230
375
980857753
24047339
253103978
1468211904
1044537682
1931244651
297734495
458873279
2309
846274
2260185371
1802321
745524459
105
923146477
360202480
2201149
520798610
42795
1134944
3700725371
8226
1366827747
2123773062
752333972
237907
1706059419
153
1390475220
2293693020
1188324416
128670
2513428
347593
737243
14049834
847698334
868877654
2537506
21399960
701415712
1693589
2343591373
691001697
4036277
27031007
338731
499561073
35349016
4275
613
1533809047
1894
486099496
2053761549
10980696
3878830599
384
12360336
2279319177
2845936339
28155
25874
9810
3128421133
2881
2720
1054
596
332300504
847433064
2726
399102
1740084
477412243
280516
5960
617798156
742344911
622481563
27097227
2940857128
3218503234
231854290
4121380340
2443996290
25922522
4179541127
251566680
452953112
1374428
805931570
408620
2481527108
12095
312601
1166938615
2425865203
3995047843
1721979728
12883
3974000759
1850810846
219
136242
11373694
271801
79714
3996
31852444
2632946087
147655
3761389794
2536602154
925317707
99478607
2725143886
16818110
736731344
182
955147207
1078999752
540046244
11913
3302923627
4118913676
400504
1167322652
1397494279
21551839
935662046
4291484675
546253733
1732628033
2318542907
6494731
3086044306
2767154
2531774451
8927
745528889
4116013187
3218262540
12566533
3308378083
2577872951
3105738710
1086092262
3534721953
40760
3852169106
1671343669
41787
3234
209691
4168458550
641820050
2355
73745272
3328
86466
3529447281
2459558207
1614
2412371656
510302644
289801995
2065547089
2060852840
2982494297
328758392
2369217524
602889953
2799096193
77081066
3251
6142
2546820253
229168272
411
3789445732
23900884
24779
166315604
325281617
662511025
2172171433
1043
954800030
2222711142
1677575678
3369896462
1742403229
2077658817
477252793
251827260
6892
139
1136069696
407713
1888311577
4028065388
26998014
1787372080
7542
120
3922728057
3984476522
3691731
360921
57277891
1241191405
1001880177
3922892266
1168541985
36718
2036328569
381
189
3044745418
2524180645
325
134209
23339
417
257851290
2605374084
1188076958
21154769
980
2317
27254922
266476667
1365921550
1190228410
571978829
4158944142
370013
459
3044292246
259
1739921836
66
311621
2925853367
1375331044
3858165842
1130820746
1815
3917552168
2871146062
251
2723495964
9800833
2296565457
3018557
8566
3175
545477
225
427958596
1136130381
4067252449
6861
296
2950679
4194743137
5129
2192730848
2119439498
1909986973
165378
228471
1880593557
208956773
597171598
K
4184773331
4089138501
2064774
922659178
2673417767
3508184666
3202
203749390
3226430
2266823903
25063
945676240
741451
288
82268215
32380963
2210045383
3696389118
197635
36778612
1280765160
559634
241199
16
3545209
2197143545
104383219
3144141263
2809361
3373129
5926515
3703291991
2092554703
668052721
3650394
385
1923187777
738308006
3725356
5207
3880898280
2694
753989845
1021876022
25503
1227330124
2333
2756134907
860
2281422576
283
1937507461
2809361097
1331
3192445
2465
17
3152639783
1583009052
378944573
3844403539
1777
876319778
3582174236
104767764
3981688378
115083
29560574
2504
2197104
2455228386
2412979048
4067145187
2355820779
6003771
2855
1747728807
174
23194
3964
2031725311
1844282154
13824
42566
1958557
26922886
424837524
135314
31711
2845757
213
572760528
2431084
2881111452
1831
849271
1231564
1759553307
41635
530
3850856377
2154975788
2859430887
221004
1430560328
369129
1971534293
392303
4188991286
7672
870
263863867
2131356872
3980590428
3011
2603276537
3841
192
1934
33930402
1
1384760687
36983650
1499914717
746077365
3570667234
913917326
530250207
11838144
1632503783
1919835757
3304582332
61637
3136
16347930
2198671991
1015128893
451273429
1934655235
3824063894
371948607
2038680836
3835033428
2038424846